13974
14637
16363
17750
18591
20147
19765
18688
19271
20039
19210
17465
19122
19893
22729
22383
22677
23289
23311
22588
23411
22849
23785
22783
28298
28939
31857
32250
33337
32536
33041
34167
34818
34401
36396
33779
40063
43731
45416
45653
45889
49937
54560
54873
50981
53956
52901
49747
62731
64210
70627
69085
69662
65598
67946
65783
65418
65264
62097
56888
66759
72777
72043
77334
77288
78232
82563
81458
79570
83483
83312
66670
83895
83923
81960
84996
82851
77611
75086
82452
84517
84757
79140
71242
82534
87127
101517
99899
100547
96839
103468
100656
103198
110450
114912
113664
139027
147274
157643
167562
173838
175340
186886
180639
177378
179983
191142
172925
219182
235362
231957
238218
243394
241428
238937
230398
216750
220259
224090
203120
222619
231373
225260
232818
233030
232294
258344
260586
258006
258979
247108
223580
252725
268280
271775
290838
277337
282252
290861
306369
318596
329224
328511
297618
326195
356618
378284
362799
369587
366929
394202
407111
407879
410561
396627
387725
423015
444790
454188
487864
482853
455982
450635
455529
456104
440883
444914
385663
434597
449206
455871
443788
439981
440960
459712
464838
460637
464747
481763
440514
480660
479266
480918
482129
501039
469587
497985
481447
467920
478009
484253
480929
520358
545534
532810
545471
534444
524853
537287
539446
546416
557963
549607
524764
578180
635920
690666
714673
679304
716507
747865
789933
795922
804327
753463
721794
798097
865079
880601
904244
879772
853761
883604
905952
898004
890235
904742
892191
967920
966621
943388
906889
881323
878276
829889
795179
819906
756059
704992
623034
657029
768733
858372
928952
949420
871707
912175
892617
884927
884108
881738
774910
873234
916937
931514
941629
911999
934267
1005400
1026991
1045565
